Data;7;40
Zero order
267818
END
First order
0
0
0
859261
0
1
112610
0
2
17516
0
3
147463
0
4
3523
0
5
2520
0
6
24173
0
7
7071
0
8
11957
0
9
25851
0
10
4475
0
11
13058
0
12
3732
0
13
1838
0
14
3129
0
15
1796
0
16
1301
0
17
1317
0
18
2999
0
19
2731
0
20
995
0
21
781
0
22
1013
0
23
2626
0
24
801
0
25
1038
0
26
483
0
27
564
0
28
3673
0
29
896
0
30
466
0
31
88
0
32
3987
0
33
107
0
34
1083
0
35
920
0
36
283
0
37
381
0
38
1060
0
39
807264
1
0
0
1
1
828977
1
2
82938
1
3
145661
1
4
8506
1
5
4165
1
6
43486
1
7
3733
1
8
41948
1
9
4985
1
10
48960
1
11
22478
1
12
4257
1
13
1741
1
14
51070
1
15
1392
1
16
1290
1
17
1176
1
18
88619
1
19
40018
1
20
862
1
21
786
1
22
1740
1
23
6457
1
24
2216
1
25
369
1
26
338
1
27
633
1
28
710
1
29
383
1
30
121
1
31
113
1
32
785
1
33
112
1
34
963
1
35
578
1
36
461
1
37
1319
1
38
685
1
39
106307
2
0
781292
2
1
1107
2
2
843207
2
3
123262
2
4
74493
2
5
23075
2
6
45826
2
7
10469
2
8
8815
2
9
16139
2
10
47704
2
11
966
2
12
7327
2
13
1543
2
14
8926
2
15
807
2
16
863
2
17
840
2
18
32866
2
19
15415
2
20
604
2
21
503
2
22
391
2
23
17979
2
24
443
2
25
620
2
26
464
2
27
2222
2
28
132
2
29
530
2
30
117
2
31
1096
2
32
2373
2
33
270
2
34
396
2
35
811
2
36
1360
2
37
603
2
38
639
2
39
14921
3
0
70495
3
1
794176
3
2
1081
3
3
864869
3
4
147216
3
5
90993
3
6
54448
3
7
84866
3
8
83712
3
9
26026
3
10
1631
3
11
4043
3
12
988
3
13
2244
3
14
5211
3
15
608
3
16
524
3
17
41159
3
18
665
3
19
560
3
20
64318
3
21
281
3
22
253
3
23
1587
3
24
8831
3
25
7845
3
26
2450
3
27
7761
3
28
2848
3
29
2866
3
30
174
3
31
2099
3
32
459
3
33
740
3
34
769
3
35
1503
3
36
1112
3
37
472
3
38
119
3
39
145069
4
0
141387
4
1
124090
4
2
816912
4
3
1475
4
4
893650
4
5
85680
4
6
58372
4
7
128353
4
8
32014
4
9
23607
4
10
40577
4
11
39377
4
12
4247
4
13
15229
4
14
29779
4
15
153148
4
16
1665
4
17
1938
4
18
431
4
19
372
4
20
903
4
21
613
4
22
26803
4
23
9812
4
24
317
4
25
4616
4
26
199
4
27
2810
4
28
3996
4
29
1183
4
30
774
4
31
1083
4
32
696
4
33
854
4
34
1365
4
35
844
4
36
738
4
37
726
4
38
1841
4
39
3077
5
0
7416
5
1
72235
5
2
155925
5
3
798985
5
4
1733
5
5
890070
5
6
161452
5
7
72720
5
8
117900
5
9
7841
5
10
49543
5
11
36326
5
12
15677
5
13
32714
5
14
65434
5
15
868
5
16
2916
5
17
531
5
18
17034
5
19
6827
5
20
380
5
21
1244
5
22
304
5
23
18238
5
24
29674
5
25
1657
5
26
2869
5
27
3146
5
28
236
5
29
1016
5
30
1818
5
31
612
5
32
926
5
33
1448
5
34
909
5
35
489
5
36
576
5
37
569
5
38
1353
5
39
2226
6
0
3621
6
1
18852
6
2
93783
6
3
75268
6
4
791192
6
5
1785
6
6
842165
6
7
155640
6
8
127758
6
9
94541
6
10
24881
6
11
14905
6
12
97669
6
13
55991
6
14
119538
6
15
58518
6
16
1318
6
17
957
6
18
3657
6
19
4155
6
20
795
6
21
498
6
22
10865
6
23
30928
6
24
9495
6
25
4197
6
26
3495
6
27
294
6
28
324
6
29
1133
6
30
936
6
31
1166
6
32
1556
6
33
1006
6
34
416
6
35
635
6
36
740
6
37
1399
6
38
4745
6
39
25664
7
0
41892
7
1
46106
7
2
53249
7
3
55911
7
4
110873
7
5
838895
7
6
2179
7
7
839883
7
8
106219
7
9
26381
7
10
29470
7
11
47318
7
12
71372
7
13
7027
7
14
5559
7
15
1341
7
16
15479
7
17
10858
7
18
1105
7
19
782
7
20
13909
7
21
7430
7
22
397
7
23
1108
7
24
3288
7
25
641
7
26
1472
7
27
2284
7
28
479
7
29
744
7
30
1322
7
31
1703
7
32
1140
7
33
512
7
34
1061
7
35
185
7
36
3404
7
37
2142
7
38
217
7
39
6445
8
0
3427
8
1
9255
8
2
84622
8
3
120937
8
4
68115
8
5
192811
8
6
795277
8
7
1835
8
8
835881
8
9
109609
8
10
39577
8
11
71757
8
12
6148
8
13
16248
8
14
30927
8
15
2047
8
16
2706
8
17
1370
8
18
1505
8
19
968
8
20
773
8
21
1672
8
22
558
8
23
3040
8
24
1630
8
25
4714
8
26
2560
8
27
1095
8
28
891
8
29
1544
8
30
1886
8
31
1302
8
32
576
8
33
285
8
34
1436
8
35
140
8
36
1870
8
37
89
8
38
97
8
39
12204
9
0
43110
9
1
8491
9
2
86787
9
3
31133
9
4
124501
9
5
114786
9
6
95818
9
7
793092
9
8
1467
9
9
824267
9
10
125380
9
11
45405
9
12
21825
9
13
6779
9
14
11006
9
15
12177
9
16
19157
9
17
42231
9
18
24990
9
19
21870
9
20
25081
9
21
7349
9
22
3156
9
23
720
9
24
1818
9
25
1404
9
26
2151
9
27
1438
9
28
1797
9
29
2111
9
30
1512
9
31
1145
9
32
861
9
33
1123
9
34
178
9
35
2001
9
36
4186
9
37
1575
9
38
429
9
39
24811
10
0
4899
10
1
17123
10
2
23879
10
3
23737
10
4
7100
10
5
93547
10
6
23173
10
7
96971
10
8
785349
10
9
1447
10
10
820981
10
11
130443
10
12
62208
10
13
14542
10
14
13373
10
15
4448
10
16
2932
10
17
5963
10
18
26251
10
19
22258
10
20
2223
10
21
2520
10
22
1435
10
23
2324
10
24
949
10
25
1430
10
26
1944
10
27
2194
10
28
2413
10
29
1771
10
30
1106
10
31
831
10
32
2014
10
33
1319
10
34
1929
10
35
1288
10
36
122
10
37
99
10
38
105
10
39
3383
11
0
49283
11
1
48838
11
2
1227
11
3
41331
11
4
49920
11
5
20671
11
6
27659
11
7
35733
11
8
116972
11
9
786005
11
10
1402
11
11
815765
11
12
141635
11
13
41248
11
14
34289
11
15
8433
11
16
18799
11
17
4944
11
18
5810
11
19
5509
11
20
3745
11
21
4644
11
22
1431
11
23
2740
11
24
1768
11
25
2502
11
26
2765
11
27
2829
11
28
2108
11
29
1398
11
30
902
11
31
1022
11
32
236
11
33
197
11
34
628
11
35
136
11
36
4342
11
37
123
11
38
168
11
39
11490
12
0
22161
12
1
817
12
2
3711
12
3
39207
12
4
36006
12
5
14753
12
6
49671
12
7
66014
12
8
40893
12
9
126510
12
10
785521
12
11
1589
12
12
814026
12
13
151775
12
14
52538
12
15
21726
12
16
18989
12
17
11706
12
18
18379
12
19
8699
12
20
4066
12
21
4886
12
22
2641
12
23
2836
12
24
3313
12
25
3578
12
26
3456
12
27
2614
12
28
1484
12
29
841
12
30
610
12
31
1446
12
32
238
12
33
1754
12
34
8344
12
35
646
12
36
11786
12
37
13169
12
38
570
12
39
2105
13
0
3341
13
1
7077
13
2
718
13
3
4164
13
4
15961
13
5
57165
13
6
19019
13
7
4961
13
8
21118
13
9
54478
13
10
128374
13
11
789287
13
12
2295
13
13
816513
13
14
154019
13
15
56195
13
16
30538
13
17
13309
13
18
9599
13
19
6969
13
20
5127
13
21
5692
13
22
4714
13
23
4712
13
24
4741
13
25
4387
13
26
3364
13
27
2154
13
28
1302
13
29
2568
13
30
347
13
31
5096
13
32
273
13
33
986
13
34
6131
13
35
825
13
36
3343
13
37
379
13
38
590
13
39
572
14
0
871
14
1
1320
14
2
2070
14
3
15314
14
4
31920
14
5
6398
14
6
6150
14
7
15744
14
8
5033
14
9
11371
14
10
35124
14
11
137563
14
12
797715
14
13
2122
14
14
817860
14
15
158351
14
16
60614
14
17
30068
14
18
17436
14
19
12177
14
20
10717
14
21
8363
14
22
7484
14
23
6772
14
24
5913
14
25
4521
14
26
2982
14
27
1574
14
28
794
14
29
494
14
30
1490
14
31
344
14
32
4919
14
33
273
14
34
342
14
35
538
14
36
1469
14
37
4821
14
38
219
14
39
1973
15
0
50193
15
1
8653
15
2
4983
15
3
30122
15
4
66856
15
5
1048
15
6
4627
15
7
31442
15
8
9816
15
9
10822
15
10
28886
15
11
46809
15
12
141344
15
13
805915
15
14
1854
15
15
828648
15
16
164503
15
17
67150
15
18
34816
15
19
22294
15
20
16070
15
21
12609
15
22
10502
15
23
8599
15
24
6558
15
25
4341
15
26
2439
15
27
2338
15
28
1648
15
29
2148
15
30
444
15
31
7899
15
32
2102
15
33
491
15
34
1135
15
35
246
15
36
1303
15
37
769
15
38
934
15
39
1047
16
0
494
16
1
425
16
2
403
16
3
3371
16
4
657
16
5
2529
16
6
1001
16
7
1821
16
8
11550
16
9
3774
16
10
7172
16
11
18844
16
12
50253
16
13
149197
16
14
823984
16
15
1792
16
16
841881
16
17
172164
16
18
69389
16
19
39767
16
20
26064
16
21
18521
16
22
13889
16
23
10355
16
24
6997
16
25
4380
16
26
2314
16
27
2716
16
28
2233
16
29
2619
16
30
569
16
31
307
16
32
277
16
33
6339
16
34
2630
16
35
16322
16
36
836
16
37
290
16
38
710
16
39
456
17
0
437
17
1
375
17
2
363
17
3
1481
17
4
2902
17
5
1120
17
6
15962
17
7
2781
17
8
20102
17
9
2454
17
10
18018
17
11
15608
17
12
27587
17
13
55727
17
14
159602
17
15
844858
17
16
1418
17
17
860531
17
18
173199
17
19
72924
17
20
42118
17
21
26896
17
22
18205
17
23
12248
17
24
7611
17
25
5248
17
26
2098
17
27
1564
17
28
4335
17
29
569
17
30
4434
17
31
540
17
32
367
17
33
449
17
34
282
17
35
12767
17
36
882
17
37
357
17
38
16700
17
39
518
18
0
403
18
1
337
18
2
385
18
3
2072
18
4
404
18
5
947
18
6
10461
18
7
1203
18
8
8682
18
9
5478
18
10
4517
18
11
13309
18
12
11589
18
13
28098
18
14
64377
18
15
168330
18
16
871697
18
17
1413
18
18
885785
18
19
181127
18
20
77625
18
21
42624
18
22
25810
18
23
15452
18
24
8871
18
25
5872
18
26
3756
18
27
8711
18
28
5920
18
29
779
18
30
6790
18
31
4501
18
32
373
18
33
2210
18
34
503
18
35
244
18
36
281
18
37
370
18
38
363
18
39
329
19
0
368
19
1
317
19
2
540
19
3
344
19
4
17114
19
5
2545
19
6
975
19
7
1171
19
8
949
19
9
10853
19
10
2530
19
11
6057
19
12
8026
19
13
15685
19
14
33344
19
15
68825
19
16
175791
19
17
905224
19
18
1911
19
19
922001
19
20
190711
19
21
78426
19
22
40695
19
23
22076
19
24
11477
19
25
6805
19
26
2894
19
27
2244
19
28
1318
19
29
1891
19
30
5926
19
31
594
19
32
817
19
33
413
19
34
359
19
35
302
19
36
333
19
37
443
19
38
658
19
39
298
20
0
332
20
1
289
20
2
406
20
3
285
20
4
6766
20
5
2243
20
6
655
20
7
764
20
8
843
20
9
6995
20
10
2111
20
11
3927
20
12
6569
20
13
11099
20
14
21363
20
15
39768
20
16
75070
20
17
189502
20
18
949264
20
19
2235
20
20
960716
20
21
192737
20
22
75839
20
23
35775
20
24
17071
20
25
8656
20
26
3831
20
27
2925
20
28
1571
20
29
1676
20
30
8707
20
31
782
20
32
1212
20
33
516
20
34
390
20
35
310
20
36
393
20
37
495
20
38
1113
20
39
405
21
0
290
21
1
252
21
2
252
21
3
859
21
4
303
21
5
713
21
6
13505
21
7
670
21
8
8646
21
9
2283
21
10
3359
21
11
3702
21
12
4689
21
13
10328
21
14
15943
21
15
26528
21
16
44059
21
17
82606
21
18
200154
21
19
996026
21
20
2010
21
21
1001230
21
22
192924
21
23
70806
21
24
30203
21
25
13828
21
26
9079
21
27
20205
21
28
14305
21
29
1414
21
30
11742
21
31
5728
21
32
578
21
33
2810
21
34
757
21
35
382
21
36
1092
21
37
544
21
38
511
21
39
265
22
0
260
22
1
214
22
2
205
22
3
516
22
4
1283
22
5
427
22
6
7369
22
7
1722
22
8
7680
22
9
2110
22
10
4363
22
11
4683
22
12
4517
22
13
7972
22
14
12939
22
15
19600
22
16
29448
22
17
46512
22
18
82599
22
19
204067
22
20
1041271
22
21
2197
22
22
1046889
22
23
194460
22
24
66342
22
25
30228
22
26
9883
22
27
5058
22
28
12215
22
29
1743
22
30
7992
22
31
1387
22
32
749
22
33
617
22
34
478
22
35
35551
22
36
1346
22
37
613
22
38
34111
22
39
672
23
0
1374
23
1
184
23
2
187
23
3
219
23
4
241
23
5
11232
23
6
343
23
7
487
23
8
2992
23
9
1257
23
10
1215
23
11
2424
23
12
4799
23
13
7612
23
14
11180
23
15
15281
23
16
20804
23
17
29477
23
18
46418
23
19
85408
23
20
212832
23
21
1097320
23
22
1878
23
23
1092762
23
24
191237
23
25
63239
23
26
30713
23
27
17584
23
28
14092
23
29
8133
23
30
1605
23
31
1129
23
32
921
23
33
17589
23
34
9829
23
35
28614
23
36
2458
23
37
1882
23
38
1398
23
39
2128
24
0
6164
24
1
293
24
2
1561
24
3
9887
24
4
18612
24
5
381
24
6
978
24
7
3140
24
8
600
24
9
2036
24
10
2910
24
11
3088
24
12
4893
24
13
7390
24
14
9743
24
15
12035
24
16
14656
24
17
18829
24
18
26568
24
19
42614
24
20
81616
24
21
213431
24
22
1150043
24
23
1433
24
24
1140371
24
25
186701
24
26
57569
24
27
24252
24
28
11360
24
29
27492
24
30
2495
24
31
21571
24
32
4912
24
33
1746
24
34
3800
24
35
622
24
36
40854
24
37
1378
24
38
802
24
39
449
25
0
1853
25
1
419
25
2
8938
25
3
259
25
4
583
25
5
414
25
6
2971
25
7
1509
25
8
1424
25
9
866
25
10
1726
25
11
3479
25
12
5189
25
13
6810
25
14
7932
25
15
8809
25
16
9846
25
17
12481
25
18
14609
25
19
21662
25
20
36899
25
21
77299
25
22
213379
25
23
1204099
25
24
1455
25
25
1191316
25
26
186146
25
27
48126
25
28
29262
25
29
19379
25
30
3601
25
31
16089
25
32
2075
25
33
11365
25
34
945
25
35
1668
25
36
1021
25
37
12292
25
38
935
25
39
810
26
0
225
26
1
553
26
2
7926
26
3
4393
26
4
1591
26
5
4338
26
6
625
26
7
4811
26
8
1296
26
9
1581
26
10
2494
26
11
3929
26
12
5173
26
13
5663
26
14
5635
26
15
5828
26
16
6610
26
17
11898
26
18
8946
26
19
12233
26
20
26219
26
21
33152
26
22
73340
26
23
211675
26
24
1260311
26
25
1842
26
26
1237720
26
27
170444
26
28
51813
26
29
23859
26
30
7422
26
31
43976
26
32
2535
26
33
1541
26
34
1220
26
35
8784
26
36
1000
26
37
800
26
38
5704
26
39
179
27
0
218
27
1
488
27
2
2558
27
3
160
27
4
2806
27
5
3551
27
6
1229
27
7
2683
27
8
1873
27
9
2081
27
10
3093
27
11
4177
27
12
4358
27
13
3869
27
14
3396
27
15
3250
27
16
3090
27
17
4666
27
18
4090
27
19
5501
27
20
11130
27
21
13100
27
22
28585
27
23
67437
27
24
210018
27
25
1311460
27
26
1894
27
27
1281424
27
28
202732
27
29
68391
27
30
12150
27
31
25748
27
32
20104
27
33
14407
27
34
67958
27
35
1124
27
36
4853
27
37
922
27
38
10578
27
39
394
28
0
610
28
1
2241
28
2
7927
28
3
2838
28
4
3193
28
5
242
28
6
2534
28
7
1096
28
8
1762
28
9
2464
28
10
3429
28
11
3416
28
12
2831
28
13
2186
28
14
3303
28
15
3164
28
16
2038
28
17
8397
28
18
18964
28
19
17879
28
20
20997
28
21
6646
28
22
20837
28
23
28594
28
24
62426
28
25
209337
28
26
1359101
28
27
2030
28
28
1320663
28
29
170877
28
30
29628
28
31
37193
28
32
48261
28
33
4320
28
34
2848
28
35
7279
28
36
46326
28
37
10354
28
38
95656
28
39
3527
29
0
736
29
1
107
29
2
2899
29
3
181
29
4
202
29
5
307
29
6
460
29
7
936
29
8
2035
29
9
2950
29
10
2806
29
11
2081
29
12
1851
29
13
1218
29
14
2490
29
15
2770
29
16
4853
29
17
6196
29
18
1711
29
19
2178
29
20
14496
29
21
12925
29
22
14099
29
23
13178
29
24
33702
29
25
60183
29
26
236493
29
27
1401776
29
28
2464
29
29
1348590
29
30
144956
29
31
60098
29
32
54028
29
33
5698
29
34
63442
29
35
80472
29
36
34323
29
37
4036
29
38
43574
29
39
822
30
0
344
30
1
529
30
2
3209
30
3
1287
30
4
1115
30
5
1005
30
6
806
30
7
1707
30
8
2589
30
9
2334
30
10
1751
30
11
1185
30
12
3045
30
13
739
30
14
2416
30
15
2972
30
16
849
30
17
1033
30
18
58704
30
19
78978
30
20
1739
30
21
2365
30
22
8966
30
23
29697
30
24
20833
30
25
29421
30
26
76466
30
27
192680
30
28
1434963
30
29
1989
30
30
1378645
30
31
192456
30
32
69756
30
33
82279
30
34
86377
30
35
10641
30
36
67057
30
37
67512
30
38
881
30
39
485
31
0
107
31
1
110
31
2
164
31
3
670
31
4
1799
31
5
849
31
6
1473
31
7
2297
31
8
2012
31
9
1321
31
10
1056
31
11
781
31
12
533
31
13
1403
31
14
570
31
15
770
31
16
4816
31
17
6891
31
18
5277
31
19
8728
31
20
11458
31
21
7505
31
22
2174
31
23
3265
31
24
70679
31
25
9275
31
26
15593
31
27
36833
31
28
181713
31
29
1455318
31
30
1557
31
31
1418399
31
32
131956
31
33
75665
31
34
10200
31
35
4999
31
36
64148
31
37
2842
31
38
4329
31
39
86
32
0
86
32
1
1187
32
2
2092
32
3
959
32
4
605
32
5
1239
32
6
2105
32
7
1751
32
8
1407
32
9
1084
32
10
1049
32
11
1635
32
12
5405
32
13
417
32
14
8213
32
15
476
32
16
618
32
17
5427
32
18
35816
32
19
73997
32
20
6061
32
21
1573
32
22
1533
32
23
22426
32
24
14833
32
25
41625
32
26
28868
32
27
41380
32
28
62889
32
29
174360
32
30
1501678
32
31
1507
32
32
1431153
32
33
135112
32
34
28035
32
35
150198
32
36
56402
32
37
2748
32
38
58120
32
39
4204
33
0
744
33
1
2516
33
2
447
33
3
788
33
4
1052
33
5
1926
33
6
1522
33
7
795
33
8
920
33
9
2073
33
10
5928
33
11
338
33
12
345
33
13
5005
33
14
2313
33
15
368
33
16
427
33
17
28641
33
18
70647
33
19
48128
33
20
32407
33
21
1002
33
22
1185
33
23
5435
33
24
2574
33
25
3162
33
26
18523
33
27
46927
33
28
58468
33
29
76193
33
30
150357
33
31
1554589
33
32
1826
33
33
1462479
33
34
177139
33
35
42954
33
36
58186
33
37
11798
33
38
7649
33
39
101
34
0
120
34
1
237
34
2
667
34
3
993
34
4
1776
34
5
1407
34
6
700
34
7
372
34
8
1321
34
9
1349
34
10
268
34
11
6355
34
12
966
34
13
342
34
14
637
34
15
6714
34
16
516
34
17
2211
34
18
509
34
19
559
34
20
3154
34
21
835
34
22
17911
34
23
2039
34
24
11523
34
25
1850
34
26
14877
34
27
5232
34
28
7136
34
29
83001
34
30
60883
34
31
145433
34
32
1589085
34
33
1939
34
34
1483706
34
35
170938
34
36
102346
34
37
76736
34
38
8594
34
39
1108
35
0
923
35
1
446
35
2
815
35
3
1650
35
4
1249
35
5
569
35
6
1066
35
7
1675
35
8
214
35
9
2070
35
10
5129
35
11
8671
35
12
6351
35
13
391
35
14
1314
35
15
2865
35
16
344
35
17
593
35
18
367
35
19
484
35
20
888
35
21
637
35
22
10486
35
23
4258
35
24
1099
35
25
51394
35
26
69695
35
27
3298
35
28
65209
35
29
86490
35
30
12109
35
31
32979
35
32
200574
35
33
1527592
35
34
2113
35
35
1516935
35
36
105802
35
37
116687
35
38
53758
35
39
880
36
0
480
36
1
605
36
2
1233
36
3
1076
36
4
562
36
5
729
36
6
235
36
7
175
36
8
2214
36
9
1292
36
10
169
36
11
14249
36
12
873
36
13
530
36
14
302
36
15
16416
36
16
12077
36
17
11512
36
18
419
36
19
479
36
20
19694
36
21
35831
36
22
29493
36
23
772
36
24
1912
36
25
8996
36
26
1479
36
27
7953
36
28
80992
36
29
11258
36
30
6137
36
31
155420
36
32
43541
36
33
166578
36
34
1623933
36
35
2424
36
36
1500962
36
37
286435
36
38
77711
36
39
231
37
0
806
37
1
1240
37
2
497
37
3
670
37
4
731
37
5
711
37
6
3490
37
7
1914
37
8
4283
37
9
172
37
10
33128
37
11
12052
37
12
3650
37
13
1526
37
14
66251
37
15
970
37
16
1066
37
17
644
37
18
807
37
19
874
37
20
1643
37
21
1795
37
22
2733
37
23
41478
37
24
1272
37
25
78525
37
26
5035
37
27
48728
37
28
34617
37
29
67804
37
30
67808
37
31
59882
37
32
59273
37
33
94803
37
34
119533
37
35
1563930
37
36
1801
37
37
1444816
37
38
97431
37
39
537
38
0
1161
38
1
1164
38
2
742
38
3
835
38
4
548
38
5
1337
38
6
2324
38
7
131
38
8
1545
38
9
136
38
10
165
38
11
13355
38
12
589
38
13
5221
38
14
1152
38
15
752
38
16
899
38
17
1012
38
18
13921
38
19
8658
38
20
1418
38
21
1623
38
22
2822
38
23
2320
38
24
13690
38
25
1327
38
26
159710
38
27
10995
38
28
4347
38
29
68573
38
30
3686
38
31
3370
38
32
11835
38
33
78698
38
34
127544
38
35
327012
38
36
1523632
38
37
0
38
38
1388950
38
39
1335
39
0
852
39
1
692
39
2
159
39
3
2092
39
4
1362
39
5
4842
39
6
220
39
7
142
39
8
508
39
9
172
39
10
314
39
11
807
39
12
940
39
13
29884
39
14
1450
39
15
1313
39
16
17730
39
17
1054
39
18
8075
39
19
11326
39
20
1467
39
21
35432
39
22
2558
39
23
2040
39
24
92439
39
25
7144
39
26
11810
39
27
97062
39
28
44481
39
29
1298
39
30
4645
39
31
55133
39
32
8635
39
33
8937
39
34
52583
39
35
80964
39
36
108047
39
37
1466330
39
38
0
39
39
END
Second order
END
Third order
62310
1
0
2
1
10056
1
2
3
4
59537
2
1
3
2
10063
2
1
4
3
10529
2
3
4
5
10046
3
1
4
2
72451
3
2
4
3
10515
3
2
5
4
10482
4
2
5
3
10006
4
3
2
1
51715
4
3
5
4
10431
5
4
3
2
49685
5
4
6
5
59501
6
5
7
6
42542
7
6
8
7
42242
8
7
9
8
52129
9
8
10
9
39108
10
9
11
10
41329
11
10
12
11
54263
12
11
13
12
43284
13
12
14
13
47847
14
13
15
14
10830
14
15
16
17
65497
15
14
16
15
10645
15
14
17
16
10449
16
14
17
15
53727
16
15
17
16
11167
16
17
18
19
10244
17
16
15
14
59102
17
16
18
17
11191
17
16
19
18
11207
17
18
19
20
11191
18
16
19
17
81391
18
17
19
18
11306
18
17
20
19
11389
19
17
20
18
11168
19
18
17
16
66568
19
18
20
19
11458
20
19
18
17
70239
20
19
21
20
95538
21
20
22
21
10089
22
21
20
19
77154
22
21
23
22
76640
23
22
24
23
102395
24
23
25
24
81985
25
24
26
25
75989
26
25
27
26
99595
27
26
28
27
80024
28
27
29
28
12255
28
29
30
31
69043
29
28
30
29
12024
29
28
31
30
10079
29
30
31
32
11781
30
28
31
29
88774
30
29
31
30
10709
30
31
32
33
11527
31
30
29
28
72983
31
30
32
31
10628
31
30
33
32
13222
31
32
33
34
10528
32
30
33
31
58982
32
31
33
32
13294
32
31
34
33
13345
33
31
34
32
10409
33
32
31
30
74626
33
32
34
33
13374
34
33
32
31
64628
34
33
35
34
10105
35
33
36
34
49910
35
34
36
35
10060
35
34
37
36
10325
36
34
37
35
10206
36
35
34
33
62696
36
35
37
36
10589
37
36
35
34
59435
37
36
38
37
45339
38
37
39
38
END
